booster: gbtree
lambda: 6.987911180725595e-06
alpha: 0.22322046260772666
subsample: 0.7225707934400996
colsample_bytree: 0.8504095756387439
max_depth: 9
min_child_weight: 9
eta: 0.15515595196423407
gamma: 1.8399701528336503e-08
grow_policy: lossguide
