booster: gbtree
lambda: 1.5001378863411688e-07
alpha: 0.07250930921815947
subsample: 0.9295930844461537
colsample_bytree: 0.9100510745618295
max_depth: 7
min_child_weight: 4
eta: 0.0177590666795253
gamma: 0.007444506001714059
grow_policy: depthwise
