booster: gbtree
lambda: 0.3314945871083821
alpha: 8.732312173433981e-07
subsample: 0.7164243974171288
colsample_bytree: 0.7453275692183434
max_depth: 5
min_child_weight: 7
eta: 0.6813549330078652
gamma: 1.4243594049142827e-06
grow_policy: lossguide
