booster: gbtree
lambda: 0.6785444385785233
alpha: 0.006641116613584846
subsample: 0.9233644433462432
colsample_bytree: 0.7331653205328357
max_depth: 7
min_child_weight: 9
eta: 0.773965126033888
gamma: 4.347168433325616e-07
grow_policy: depthwise
