booster: dart
lambda: 0.04627515309441386
alpha: 1.0261133439498755e-05
subsample: 0.31830360384173106
colsample_bytree: 0.5309778982405563
max_depth: 5
min_child_weight: 9
eta: 5.513958074628204e-05
gamma: 3.08650279137108e-05
grow_policy: lossguide
sample_type: weighted
normalize_type: tree
rate_drop: 1.240486247570539e-05
skip_drop: 0.01229822136977571
