booster: gblinear
lambda: 0.002587150025664258
alpha: 0.0001567697694803753
subsample: 0.5934413868823308
colsample_bytree: 0.9223872585890227
